name: tf-gpu-1.7
channels:
  - anaconda
  - defaults
dependencies:
  - freetype=2.9.1=h8a8886c_1
  - jpeg=9b=habf39ab_1
  - libpng=1.6.37=hbc83047_0
  - libtiff=4.0.10=h2733197_2
  - mkl-service=2.0.2=py36h7b6447c_0
  - olefile=0.46=py36_0
  - pillow=6.1.0=py36h34e0f95_0
  - scipy=1.3.0=py36h7c811a0_0
  - zstd=1.3.7=h0b5b093_0
  - _libgcc_mutex=0.1=main
  - absl-py=0.7.1=py36_0
  - astor=0.8.0=py36_0
  - blas=1.0=mkl
  - bleach=1.5.0=py36_0
  - c-ares=1.15.0=h7b6447c_1001
  - ca-certificates=2019.5.15=0
  - certifi=2019.6.16=py36_1
  - cudatoolkit=8.0=3
  - cudnn=7.0.5=cuda8.0_0
  - cupti=8.0.61=0
  - gast=0.2.2=py36_0
  - grpcio=1.16.1=py36hf8bcb03_1
  - html5lib=0.9999999=py36_0
  - intel-openmp=2019.4=243
  - libedit=3.1.20181209=hc058e9b_0
  - libffi=3.2.1=hd88cf55_4
  - libgcc-ng=9.1.0=hdf63c60_0
  - libgfortran-ng=7.3.0=hdf63c60_0
  - libprotobuf=3.8.0=hd408876_0
  - libstdcxx-ng=9.1.0=hdf63c60_0
  - markdown=3.1.1=py36_0
  - mkl=2019.4=243
  - mkl_fft=1.0.12=py36ha843d7b_0
  - mkl_random=1.0.2=py36hd81dba3_0
  - ncurses=6.1=he6710b0_1
  - numpy=1.16.4=py36h7e9f1db_0
  - numpy-base=1.16.4=py36hde5b4d6_0
  - openssl=1.1.1c=h7b6447c_1
  - pip=19.1.1=py36_0
  - protobuf=3.8.0=py36he6710b0_0
  - python=3.6.9=h265db76_0
  - readline=7.0=h7b6447c_5
  - setuptools=41.0.1=py36_0
  - six=1.12.0=py36_0
  - sqlite=3.29.0=h7b6447c_0
  - tensorboard=1.7.0=py36hf484d3e_1
  - tensorflow-gpu=1.7.0=0
  - tensorflow-gpu-base=1.7.0=py36h5b7bae4_1
  - termcolor=1.1.0=py36_1
  - tk=8.6.8=hbc83047_0
  - werkzeug=0.15.4=py_0
  - wheel=0.33.4=py36_0
  - xz=5.2.4=h14c3975_4
  - zlib=1.2.11=h7b6447c_3
  - pip:
    - tensorflow==1.7.0
prefix: /home/users/venkatesh/anaconda3/envs/tf-gpu-1.7

